{
 "cells": [
  {
   "cell_type": "markdown",
   "metadata": {},
   "source": [
    "# Exercise 3: Numpy"
   ]
  },
  {
   "cell_type": "markdown",
   "metadata": {},
   "source": [
    "Perform the follwing tasks:\n"
   ]
  },
  {
   "cell_type": "code",
   "execution_count": 1,
   "metadata": {},
   "outputs": [],
   "source": [
    "#3.1: import the numpy library\n",
    "import numpy as np"
   ]
  },
  {
   "cell_type": "code",
   "execution_count": 6,
   "metadata": {},
   "outputs": [
    {
     "name": "stdout",
     "output_type": "stream",
     "text": [
      "[[-0.7525134  -0.71307197 -0.40492135 -0.82881466 -1.00041233  0.1908945\n",
      "  -0.72037979  0.19352087 -0.74383652 -0.50004742]\n",
      " [-0.13954726  1.14386284 -0.24521378 -0.42694944 -0.84047095 -0.07233189\n",
      "  -0.41401667 -0.7865576   2.14837744 -0.42381782]\n",
      " [ 1.18326564  0.1990713  -2.12236767 -0.16950161 -1.61631698  1.24595948\n",
      "   1.26482065  0.02112605  0.02374395  0.54271676]\n",
      " [ 1.17262315 -0.59551337  0.32084333  1.07543513 -0.25756756 -0.09070049\n",
      "   0.00252358  0.29306886  0.78861925 -1.2178918 ]\n",
      " [-0.40137725  0.36883886  2.24806394  0.81502715  0.01473427  1.21219901\n",
      "  -0.3194371   0.05574924 -0.16301137  0.99460023]\n",
      " [ 1.40644202  0.40186216  0.94690267  0.76173264  0.2848186  -1.23531478\n",
      "   0.2277025   0.48183792  0.70304366 -0.30361021]\n",
      " [-1.5283579   0.98729276  0.85668585  1.29970336 -0.53382839 -0.17800277\n",
      "  -0.64305587 -1.0242999  -0.41987722 -1.93098567]\n",
      " [ 1.763637   -0.83752922  1.62338244  0.90940518 -1.73298998 -0.49451985\n",
      "   0.66509952 -0.59841282  0.52396398 -1.55306837]\n",
      " [ 0.42136501  1.4929108  -0.58925105 -1.00029625 -0.88679569 -0.19522677\n",
      "   0.17036144 -0.41374262  1.25377992 -0.76404985]\n",
      " [ 0.9233884  -0.15021753  0.53023082  1.69388427 -1.20518323 -1.0062349\n",
      "   0.63399787 -0.69827163  0.41309791 -0.12951709]]\n"
     ]
    },
    {
     "data": {
      "text/plain": [
       "(10, 10)"
      ]
     },
     "execution_count": 6,
     "metadata": {},
     "output_type": "execute_result"
    }
   ],
   "source": [
    "#3.2: create a random 10x10 array named A\n",
    "A=np.random.randn(10,10)\n",
    "print(A)\n",
    "np.shape(A)"
   ]
  },
  {
   "cell_type": "code",
   "execution_count": 36,
   "metadata": {},
   "outputs": [
    {
     "name": "stdout",
     "output_type": "stream",
     "text": [
      "[-0.7525134   0.29581641 -0.40137725 -1.5283579   0.42136501]\n"
     ]
    }
   ],
   "source": [
    "#3.3: return only the odd rows of A\n",
    "#print(A[[1,3,5,7,9],]) #je nachdem,weil man mit 0 anfängt zu zählen \n",
    "print(A[[0,2,4,6,8],[0]]) #Werte det 1.Spalte der Zeile 1,3,5,7,9 werden ausgegeben "
   ]
  },
  {
   "cell_type": "code",
   "execution_count": 21,
   "metadata": {},
   "outputs": [
    {
     "data": {
      "text/plain": [
       "array([[ 5.66276414e-01,  9.95072401e-02, -4.79129525e-01,\n",
       "        -9.71887257e-01,  4.01542747e-01,  2.68482053e-01,\n",
       "         1.10099815e+00,  3.41300561e-01, -3.13426682e-01,\n",
       "        -4.61737991e-01],\n",
       "       [ 9.95072401e-02,  1.30842219e+00, -4.88150280e-02,\n",
       "         2.54254103e-01, -3.09998345e-01, -2.90674477e-02,\n",
       "        -4.08755657e-01,  6.58764975e-01,  3.20733588e+00,\n",
       "         6.36648657e-02],\n",
       "       [-4.79129525e-01, -4.88150280e-02,  4.50444451e+00,\n",
       "        -5.43834610e-02, -3.63358391e+00,  1.17980237e+00,\n",
       "         1.08355395e+00,  3.42956654e-02, -1.39911462e-02,\n",
       "         2.87765155e-01],\n",
       "       [-9.71887257e-01,  2.54254103e-01, -5.43834610e-02,\n",
       "         1.15656072e+00, -2.09924557e-01, -6.90895208e-02,\n",
       "         3.27990033e-03,  2.66518340e-01, -7.88852881e-01,\n",
       "        -2.06296776e+00],\n",
       "       [ 4.01542747e-01, -3.09998345e-01, -3.63358391e+00,\n",
       "        -2.09924557e-01,  2.17098767e-04,  3.45256823e-01,\n",
       "         1.70524590e-01, -9.66128823e-02,  1.44557777e-01,\n",
       "        -1.19867552e+00],\n",
       "       [ 2.68482053e-01, -2.90674477e-02,  1.17980237e+00,\n",
       "        -6.90895208e-02,  3.45256823e-01,  1.52600260e+00,\n",
       "        -4.05316754e-02, -2.38278414e-01, -1.37252945e-01,\n",
       "         3.05503185e-01],\n",
       "       [ 1.10099815e+00, -4.08755657e-01,  1.08355395e+00,\n",
       "         3.27990033e-03,  1.70524590e-01, -4.05316754e-02,\n",
       "         4.13520853e-01, -6.81261373e-01, -7.15308903e-02,\n",
       "        -1.22424080e+00],\n",
       "       [ 3.41300561e-01,  6.58764975e-01,  3.42956654e-02,\n",
       "         2.66518340e-01, -9.66128823e-02, -2.38278414e-01,\n",
       "        -6.81261373e-01,  3.58097898e-01, -2.16786229e-01,\n",
       "         1.08446358e+00],\n",
       "       [-3.13426682e-01,  3.20733588e+00, -1.39911462e-02,\n",
       "        -7.88852881e-01,  1.44557777e-01, -1.37252945e-01,\n",
       "        -7.15308903e-02, -2.16786229e-01,  1.57196409e+00,\n",
       "        -3.15627394e-01],\n",
       "       [-4.61737991e-01,  6.36648657e-02,  2.87765155e-01,\n",
       "        -2.06296776e+00, -1.19867552e+00,  3.05503185e-01,\n",
       "        -1.22424080e+00,  1.08446358e+00, -3.15627394e-01,\n",
       "         1.67746761e-02]])"
      ]
     },
     "execution_count": 21,
     "metadata": {},
     "output_type": "execute_result"
    }
   ],
   "source": [
    "#3.4: perform a matrix multiplication of A with it's transposed\n",
    "trans_A=np.transpose(A)\n",
    "#print(trans_A)\n",
    "A*trans_A"
   ]
  },
  {
   "cell_type": "code",
   "execution_count": 24,
   "metadata": {},
   "outputs": [
    {
     "data": {
      "text/plain": [
       "array([[ 6.37021943e-01, -4.83178871e+01, -3.29457631e+01,\n",
       "         4.64174962e+01,  1.64942994e+01, -5.45372236e+01,\n",
       "        -2.23300868e+01, -2.69941023e+01,  7.52973444e+01,\n",
       "         4.80466767e+01],\n",
       "       [ 1.31277214e-01, -9.78544121e+00, -6.45616804e+00,\n",
       "         9.14354806e+00,  3.44679709e+00, -1.05923708e+01,\n",
       "        -4.24312365e+00, -5.60341478e+00,  1.53654035e+01,\n",
       "         9.58928881e+00],\n",
       "       [-1.65388808e-01,  9.91252541e+00,  6.68628283e+00,\n",
       "        -9.73708228e+00, -3.20781992e+00,  1.13399224e+01,\n",
       "         4.55572402e+00,  5.82951935e+00, -1.54625693e+01,\n",
       "        -1.00438721e+01],\n",
       "       [-2.24764881e-02,  4.75892060e-02,  1.32248191e-01,\n",
       "         2.74428506e-01,  6.21042913e-02,  8.65917848e-02,\n",
       "         1.63468468e-01, -2.64437577e-01, -2.25850557e-01,\n",
       "         2.44705037e-01],\n",
       "       [-3.40689413e-01, -1.08830662e+01, -7.55273538e+00,\n",
       "         1.04910440e+01,  3.54312896e+00, -1.24464306e+01,\n",
       "        -4.98029881e+00, -6.04203757e+00,  1.68090028e+01,\n",
       "         1.05574712e+01],\n",
       "       [-8.50340767e-02, -7.50661083e+00, -4.98233366e+00,\n",
       "         7.48842540e+00,  2.77108986e+00, -8.80532139e+00,\n",
       "        -3.42112697e+00, -4.14876978e+00,  1.17080440e+01,\n",
       "         7.20616677e+00],\n",
       "       [-1.32956421e+00,  5.91983428e+01,  4.07530029e+01,\n",
       "        -5.73497008e+01, -2.04319429e+01,  6.71765041e+01,\n",
       "         2.74241416e+01,  3.36642937e+01, -9.25648212e+01,\n",
       "        -5.93969759e+01],\n",
       "       [-1.79009770e-01,  4.59958276e+01,  3.17446934e+01,\n",
       "        -4.40516134e+01, -1.55719030e+01,  5.28725967e+01,\n",
       "         2.12652654e+01,  2.55957561e+01, -7.18627014e+01,\n",
       "        -4.61293280e+01],\n",
       "       [-4.67204072e-01,  2.57692453e+01,  1.72973282e+01,\n",
       "        -2.41690783e+01, -8.67668227e+00,  2.86608580e+01,\n",
       "         1.15562558e+01,  1.42273764e+01, -3.96943978e+01,\n",
       "        -2.53177572e+01],\n",
       "       [ 2.15760583e-01, -8.34583824e+00, -5.79385332e+00,\n",
       "         7.93152424e+00,  3.04200316e+00, -9.55788155e+00,\n",
       "        -4.11573948e+00, -4.92017364e+00,  1.30977944e+01,\n",
       "         8.75517243e+00]])"
      ]
     },
     "execution_count": 24,
     "metadata": {},
     "output_type": "execute_result"
    }
   ],
   "source": [
    "#3.5: compute the matrix inverse of A\n",
    "np.linalg.inv(A)"
   ]
  },
  {
   "cell_type": "code",
   "execution_count": 33,
   "metadata": {},
   "outputs": [
    {
     "name": "stdout",
     "output_type": "stream",
     "text": [
      "(array([], dtype=int64), array([], dtype=int64))\n",
      "[[-0.7525134  -0.71307197 -0.40492135 -0.82881466 -1.00041233  0.1908945\n",
      "  -0.72037979  0.19352087 -0.74383652 -0.50004742]\n",
      " [-0.13954726  0.28596571 -0.24521378 -0.42694944 -0.84047095 -0.07233189\n",
      "  -0.41401667 -0.7865576   0.26854718 -0.42381782]\n",
      " [ 0.29581641  0.1990713  -2.12236767 -0.16950161 -1.61631698  0.31148987\n",
      "   0.31620516  0.02112605  0.02374395  0.27135838]\n",
      " [ 0.29315579 -0.59551337  0.32084333  0.26885878 -0.25756756 -0.09070049\n",
      "   0.00252358  0.29306886  0.39430963 -1.2178918 ]\n",
      " [-0.40137725  0.36883886  0.28100799  0.40751357  0.01473427  0.30304975\n",
      "  -0.3194371   0.05574924 -0.16301137  0.49730011]\n",
      " [ 0.35161051  0.40186216  0.47345134  0.38086632  0.2848186  -1.23531478\n",
      "   0.2277025   0.48183792  0.35152183 -0.30361021]\n",
      " [-1.5283579   0.49364638  0.42834292  0.32492584 -0.53382839 -0.17800277\n",
      "  -0.64305587 -1.0242999  -0.41987722 -1.93098567]\n",
      " [ 0.44090925 -0.83752922  0.40584561  0.45470259 -1.73298998 -0.49451985\n",
      "   0.33254976 -0.59841282  0.26198199 -1.55306837]\n",
      " [ 0.42136501  0.3732277  -0.58925105 -1.00029625 -0.88679569 -0.19522677\n",
      "   0.17036144 -0.41374262  0.31344498 -0.76404985]\n",
      " [ 0.4616942  -0.15021753  0.26511541  0.42347107 -1.20518323 -1.0062349\n",
      "   0.31699894 -0.69827163  0.41309791 -0.12951709]]\n",
      "-0.7130719722958285\n"
     ]
    }
   ],
   "source": [
    "#3.6: divide all entries of A which are lager than 0.5 by 2 (hint: use where() )\n",
    "searchpara = (A > 0.5)\n",
    "indices=np.where(searchpara)\n",
    "print(indices)\n",
    "A_2=A[indices]/2\n",
    "#print(A_2)\n",
    "A[indices]=A_2\n",
    "print(A)\n",
    "#print(A[0,1]) Zeile 0 Spalte1"
   ]
  },
  {
   "cell_type": "code",
   "execution_count": null,
   "metadata": {},
   "outputs": [],
   "source": []
  }
 ],
 "metadata": {
  "kernelspec": {
   "display_name": "Python 3",
   "language": "python",
   "name": "python3"
  },
  "language_info": {
   "codemirror_mode": {
    "name": "ipython",
    "version": 3
   },
   "file_extension": ".py",
   "mimetype": "text/x-python",
   "name": "python",
   "nbconvert_exporter": "python",
   "pygments_lexer": "ipython3",
   "version": "3.7.6"
  }
 },
 "nbformat": 4,
 "nbformat_minor": 4
}
